00000000010000000001000010000011
00000000000000001000000100110011
00000001110000001111000110010011
00000000001100001111001000010011
00000000010000011000001010110011
00000100010100001001010001100011
00000000010000011110001100110011
00000010011000001001110001100011
00000000000100001111001110010011
00000000011100001001010000110011
00000000111101000111010010010011
00000000100101000001110001100011
00000000000100000001000000100011
00000000000100000001000001100011
00000000000000000111001100010011
00000000011000000001000000100011
11111110000100000001010011100011
